2025-07-25 13:58:02 Latency in channel1.low: 0.003662 seconds
2025-07-25 13:58:02 Latency in channel1.high: 0.001581 seconds
2025-07-25 13:58:03 Latency in channel1.high: 0.001952 seconds
2025-07-25 13:58:03 Latency in channel1.high: 0.001050 seconds
2025-07-25 13:58:03 Latency in channel1.high: 0.000901 seconds
2025-07-25 13:58:03 Latency in channel1.high: 0.001625 seconds
2025-07-25 13:58:03 Latency in channel1.low: 0.968913 seconds
2025-07-25 13:58:03 Latency in channel1.low: 0.955881 seconds
2025-07-25 13:58:03 Latency in channel1.low: 0.160928 seconds
2025-07-25 13:58:03 Latency in channel1.low: 0.126831 seconds
2025-07-25 13:58:03 Latency in channel1.high: 0.002387 seconds
2025-07-25 13:58:03 Latency in channel1.low: 0.114028 seconds
2025-07-25 13:58:03 Latency in channel1.low: 0.102773 seconds
2025-07-25 13:58:03 Latency in channel1.low: 0.091599 seconds
2025-07-25 13:58:03 Latency in channel1.low: 0.079676 seconds
2025-07-25 13:58:03 Latency in channel1.low: 0.067642 seconds
2025-07-25 13:58:03 Latency in channel1.low: 0.068426 seconds
2025-07-25 13:58:03 Latency in channel1.low: 0.063499 seconds
2025-07-25 13:58:03 Latency in channel1.low: 0.054254 seconds
2025-07-25 13:58:03 Latency in channel1.low: 0.044621 seconds
2025-07-25 13:58:03 Latency in channel1.low: 0.042535 seconds
2025-07-25 13:58:03 Latency in channel1.high: 0.001230 seconds
2025-07-25 13:58:03 Latency in channel1.low: 0.013148 seconds
2025-07-25 13:58:03 Latency in channel1.high: 0.001314 seconds
2025-07-25 13:58:03 Latency in channel1.low: 0.001092 seconds
2025-07-25 13:58:03 Latency in channel1.high: 0.001150 seconds
2025-07-25 13:58:03 Latency in channel1.low: 0.001103 seconds
2025-07-25 13:58:03 Latency in channel1.high: 0.001312 seconds
2025-07-25 13:58:03 Latency in channel1.high: 0.000838 seconds
2025-07-25 13:58:03 Latency in channel1.high: 0.000750 seconds
2025-07-25 13:58:03 Latency in channel1.low: 0.001602 seconds
2025-07-25 13:58:03 Latency in channel1.high: 0.001254 seconds
2025-07-25 13:58:03 Latency in channel1.low: 0.000933 seconds
2025-07-25 13:58:03 Latency in channel1.high: 0.000946 seconds
2025-07-25 13:58:03 Latency in channel1.high: 0.000938 seconds
2025-07-25 13:58:03 Latency in channel1.low: 0.000839 seconds
2025-07-25 13:58:03 Latency in channel1.low: 0.001141 seconds
2025-07-25 13:58:03 Latency in channel1.high: 0.001017 seconds
2025-07-25 13:58:03 Latency in channel1.low: 0.000794 seconds
2025-07-25 13:58:03 Latency in channel1.low: 0.000753 seconds
2025-07-25 13:58:03 Latency in channel1.low: 0.000730 seconds
2025-07-25 13:58:03 Latency in channel1.low: 0.000677 seconds
2025-07-25 13:58:03 Latency in channel1.low: 0.000683 seconds
2025-07-25 13:58:03 Latency in channel1.low: 0.001037 seconds
2025-07-25 13:58:03 Latency in channel1.high: 0.001245 seconds
2025-07-25 13:58:03 Latency in channel1.low: 0.000890 seconds
2025-07-25 13:58:03 Latency in channel1.low: 0.000873 seconds
2025-07-25 13:58:03 Latency in channel1.low: 0.000707 seconds
2025-07-25 13:58:03 Latency in channel1.low: 0.000655 seconds
2025-07-25 13:58:03 Latency in channel1.high: 0.000725 seconds
2025-07-25 13:58:03 Latency in channel1.low: 0.000772 seconds
2025-07-25 13:58:03 Latency in channel1.low: 0.000700 seconds
2025-07-25 13:58:03 Latency in channel1.low: 0.000683 seconds
2025-07-25 13:58:03 Latency in channel1.low: 0.001340 seconds
2025-07-25 13:58:03 Latency in channel1.high: 0.001252 seconds
2025-07-25 13:58:03 Latency in channel1.low: 0.000945 seconds
2025-07-25 13:58:03 Latency in channel1.low: 0.000955 seconds
2025-07-25 13:58:03 Latency in channel1.high: 0.000789 seconds
2025-07-25 13:58:03 Latency in channel1.high: 0.000673 seconds
2025-07-25 13:58:03 Latency in channel1.low: 0.000668 seconds
2025-07-25 13:58:03 Latency in channel1.high: 0.000718 seconds
2025-07-25 13:58:03 Latency in channel1.high: 0.000765 seconds
2025-07-25 13:58:03 Latency in channel1.low: 0.000721 seconds
2025-07-25 13:58:03 Latency in channel1.high: 0.000733 seconds
2025-07-25 13:58:03 Latency in channel1.low: 0.000729 seconds
2025-07-25 13:58:03 Latency in channel1.high: 0.000677 seconds
2025-07-25 13:58:03 Latency in channel1.high: 0.000694 seconds
2025-07-25 13:58:04 Latency in channel1.high: 0.000754 seconds
2025-07-25 13:58:04 Latency in channel1.high: 0.000961 seconds
2025-07-25 13:58:04 Latency in channel1.low: 0.000764 seconds
2025-07-25 13:58:04 Latency in channel1.high: 0.000721 seconds
2025-07-25 13:58:04 Latency in channel1.high: 0.000762 seconds
2025-07-25 13:58:04 Latency in channel1.low: 0.000737 seconds
2025-07-25 13:58:04 Latency in channel1.low: 0.000766 seconds
2025-07-25 13:58:04 Latency in channel1.low: 0.000855 seconds
2025-07-25 13:58:04 Latency in channel1.low: 0.000690 seconds
2025-07-25 13:58:04 Latency in channel1.low: 0.000791 seconds
2025-07-25 13:58:04 Latency in channel1.low: 0.000762 seconds
2025-07-25 13:58:04 Latency in channel1.low: 0.000972 seconds
2025-07-25 13:58:04 Latency in channel1.low: 0.001083 seconds
2025-07-25 13:58:04 Latency in channel1.low: 0.000960 seconds
2025-07-25 13:58:04 Latency in channel1.low: 0.001328 seconds
2025-07-25 13:58:04 Latency in channel1.low: 0.001120 seconds
2025-07-25 13:58:04 Latency in channel1.low: 0.000960 seconds
2025-07-25 13:58:04 Latency in channel1.high: 0.001229 seconds
2025-07-25 13:58:04 Latency in channel1.low: 0.001916 seconds
2025-07-25 13:58:05 Latency in channel1.high: 0.001219 seconds
2025-07-25 13:58:09 Latency in channel1.low: 0.001575 seconds
2025-07-25 13:58:10 Latency in channel1.low: 0.001332 seconds
