2025-07-25 13:58:02 Latency in channel2.high: 0.003364 seconds
2025-07-25 13:58:02 Latency in channel2.low: 0.001924 seconds
2025-07-25 13:58:03 Latency in channel2.high: 0.001574 seconds
2025-07-25 13:58:03 Latency in channel2.high: 0.000839 seconds
2025-07-25 13:58:03 Latency in channel2.high: 0.001200 seconds
2025-07-25 13:58:03 Latency in channel2.high: 0.001111 seconds
2025-07-25 13:58:03 Latency in channel2.high: 0.001419 seconds
2025-07-25 13:58:03 Latency in channel2.low: 1.001390 seconds
2025-07-25 13:58:03 Latency in channel2.low: 0.694609 seconds
2025-07-25 13:58:03 Latency in channel2.low: 0.175815 seconds
2025-07-25 13:58:03 Latency in channel2.low: 0.149158 seconds
2025-07-25 13:58:03 Latency in channel2.low: 0.131260 seconds
2025-07-25 13:58:03 Latency in channel2.low: 0.113652 seconds
2025-07-25 13:58:03 Latency in channel2.low: 0.107205 seconds
2025-07-25 13:58:03 Latency in channel2.low: 0.092729 seconds
2025-07-25 13:58:03 Latency in channel2.low: 0.074083 seconds
2025-07-25 13:58:03 Latency in channel2.low: 0.014676 seconds
2025-07-25 13:58:03 Latency in channel2.low: 0.015113 seconds
2025-07-25 13:58:03 Latency in channel2.low: 0.009052 seconds
2025-07-25 13:58:03 Latency in channel2.low: 0.001473 seconds
2025-07-25 13:58:03 Latency in channel2.low: 0.001163 seconds
2025-07-25 13:58:03 Latency in channel2.low: 0.001023 seconds
